FT_A
Nonzero entries:
(688.987,0) (385.406,3) (0,4) (0,5) (688.987,1) (0,3) (0,4) (0,5) (688.987,2) (0,3) (0,4) (0,5) (385.406,0) (0,1) (0,2) (688.987,3) (0,0) (0,1) (0,2) (688.987,4) (0,0) (0,1) (0,2) (688.987,5) 

Outer pointers:
0 4 8 12 16 20  $

688.987 0 0 385.406 0 0 
0 688.987 0 0 0 0 
0 0 688.987 0 0 0 
385.406 0 0 688.987 0 0 
0 0 0 0 688.987 0 
0 0 0 0 0 688.987 
Nonzero entries:
(856.571,0) (158.289,3) (0,4) (0,5) (856.571,1) (0,3) (0,4) (0,5) (856.571,2) (0,3) (0,4) (0,5) (158.289,0) (0,1) (0,2) (856.571,3) (0,0) (0,1) (0,2) (856.571,4) (0,0) (0,1) (0,2) (856.571,5) 

Outer pointers:
0 4 8 12 16 20  $

856.571 0 0 158.289 0 0 
0 856.571 0 0 0 0 
0 0 856.571 0 0 0 
158.289 0 0 856.571 0 0 
0 0 0 0 856.571 0 
0 0 0 0 0 856.571 
Nonzero entries:
(733.566,0) (-14.683,3) (0,4) (0,5) (733.566,1) (0,3) (0,4) (0,5) (733.566,2) (0,3) (0,4) (0,5) (-14.683,0) (0,1) (0,2) (733.566,3) (0,0) (0,1) (0,2) (733.566,4) (0,0) (0,1) (0,2) (733.566,5) 

Outer pointers:
0 4 8 12 16 20  $

733.566 0 0 -14.683 0 0 
0 733.566 0 0 0 0 
0 0 733.566 0 0 0 
-14.683 0 0 733.566 0 0 
0 0 0 0 733.566 0 
0 0 0 0 0 733.566 
Nonzero entries:
(491.992,0) (-74.8424,3) (0,4) (0,5) (491.992,1) (0,3) (0,4) (0,5) (491.992,2) (0,3) (0,4) (0,5) (-74.8424,0) (0,1) (0,2) (491.992,3) (0,0) (0,1) (0,2) (491.992,4) (0,0) (0,1) (0,2) (491.992,5) 

Outer pointers:
0 4 8 12 16 20  $

491.992 0 0 -74.8424 0 0 
0 491.992 0 0 0 0 
0 0 491.992 0 0 0 
-74.8424 0 0 491.992 0 0 
0 0 0 0 491.992 0 
0 0 0 0 0 491.992 
Nonzero entries:
(293.976,0) (-81.9867,3) (0,4) (0,5) (293.976,1) (0,3) (0,4) (0,5) (293.976,2) (0,3) (0,4) (0,5) (-81.9867,0) (0,1) (0,2) (293.976,3) (0,0) (0,1) (0,2) (293.976,4) (0,0) (0,1) (0,2) (293.976,5) 

Outer pointers:
0 4 8 12 16 20  $

293.976 0 0 -81.9867 0 0 
0 293.976 0 0 0 0 
0 0 293.976 0 0 0 
-81.9867 0 0 293.976 0 0 
0 0 0 0 293.976 0 
0 0 0 0 0 293.976 
Nonzero entries:
(157.906,0) (-65.9253,3) (0,4) (0,5) (157.906,1) (0,3) (0,4) (0,5) (157.906,2) (0,3) (0,4) (0,5) (-65.9253,0) (0,1) (0,2) (157.906,3) (0,0) (0,1) (0,2) (157.906,4) (0,0) (0,1) (0,2) (157.906,5) 

Outer pointers:
0 4 8 12 16 20  $

157.906 0 0 -65.9253 0 0 
0 157.906 0 0 0 0 
0 0 157.906 0 0 0 
-65.9253 0 0 157.906 0 0 
0 0 0 0 157.906 0 
0 0 0 0 0 157.906 
Nonzero entries:
(87.6353,0) (-48.6577,3) (0,4) (0,5) (87.6353,1) (0,3) (0,4) (0,5) (87.6353,2) (0,3) (0,4) (0,5) (-48.6577,0) (0,1) (0,2) (87.6353,3) (0,0) (0,1) (0,2) (87.6353,4) (0,0) (0,1) (0,2) (87.6353,5) 

Outer pointers:
0 4 8 12 16 20  $

87.6353 0 0 -48.6577 0 0 
0 87.6353 0 0 0 0 
0 0 87.6353 0 0 0 
-48.6577 0 0 87.6353 0 0 
0 0 0 0 87.6353 0 
0 0 0 0 0 87.6353 
Nonzero entries:
(47.2726,0) (-32.298,3) (0,4) (0,5) (47.2726,1) (0,3) (0,4) (0,5) (47.2726,2) (0,3) (0,4) (0,5) (-32.298,0) (0,1) (0,2) (47.2726,3) (0,0) (0,1) (0,2) (47.2726,4) (0,0) (0,1) (0,2) (47.2726,5) 

Outer pointers:
0 4 8 12 16 20  $

47.2726 0 0 -32.298 0 0 
0 47.2726 0 0 0 0 
0 0 47.2726 0 0 0 
-32.298 0 0 47.2726 0 0 
0 0 0 0 47.2726 0 
0 0 0 0 0 47.2726 
Nonzero entries:
(30.6959,0) (-23.1102,3) (0,4) (0,5) (30.6959,1) (0,3) (0,4) (0,5) (30.6959,2) (0,3) (0,4) (0,5) (-23.1102,0) (0,1) (0,2) (30.6959,3) (0,0) (0,1) (0,2) (30.6959,4) (0,0) (0,1) (0,2) (30.6959,5) 

Outer pointers:
0 4 8 12 16 20  $

30.6959 0 0 -23.1102 0 0 
0 30.6959 0 0 0 0 
0 0 30.6959 0 0 0 
-23.1102 0 0 30.6959 0 0 
0 0 0 0 30.6959 0 
0 0 0 0 0 30.6959 
Nonzero entries:
(23.7362,0) (-18.9788,3) (0,4) (0,5) (23.7362,1) (0,3) (0,4) (0,5) (23.7362,2) (0,3) (0,4) (0,5) (-18.9788,0) (0,1) (0,2) (23.7362,3) (0,0) (0,1) (0,2) (23.7362,4) (0,0) (0,1) (0,2) (23.7362,5) 

Outer pointers:
0 4 8 12 16 20  $

23.7362 0 0 -18.9788 0 0 
0 23.7362 0 0 0 0 
0 0 23.7362 0 0 0 
-18.9788 0 0 23.7362 0 0 
0 0 0 0 23.7362 0 
0 0 0 0 0 23.7362 
FT_a
Nonzero entries:
(0,0) (26.2486,1) (0,0) (0,1) (26.2486,2) (0,0) (0,1) (0,2) (0,3) (0,4) (26.2486,5) (14.6829,1) (0,2) (21.7577,3) (0,1) (0,2) (0,3) (26.2486,4) (26.2486,0) 

Outer pointers:
0 2 5 11 14 18  $

0 0 0 0 0 26.2486 
26.2486 0 0 14.6829 0 0 
0 26.2486 0 0 0 0 
0 0 0 21.7577 0 0 
0 0 0 0 26.2486 0 
0 0 26.2486 0 0 0 

Nonzero entries:
(0,0) (29.2672,1) (0,0) (0,1) (29.2672,2) (0,0) (0,1) (0,2) (0,3) (0,4) (29.2672,5) (5.40842,1) (0,2) (28.7632,3) (0,1) (0,2) (0,3) (29.2672,4) (29.2672,0) 

Outer pointers:
0 2 5 11 14 18  $

0 0 0 0 0 29.2672 
29.2672 0 0 5.40842 0 0 
0 29.2672 0 0 0 0 
0 0 0 28.7632 0 0 
0 0 0 0 29.2672 0 
0 0 29.2672 0 0 0 

Nonzero entries:
(0,0) (27.0844,1) (0,0) (0,1) (27.0844,2) (0,0) (0,1) (0,2) (0,3) (0,4) (27.0844,5) (-0.542121,1) (0,2) (27.079,3) (0,1) (0,2) (0,3) (27.0844,4) (27.0844,0) 

Outer pointers:
0 2 5 11 14 18  $

0 0 0 0 0 27.0844 
27.0844 0 0 -0.542121 0 0 
0 27.0844 0 0 0 0 
0 0 0 27.079 0 0 
0 0 0 0 27.0844 0 
0 0 27.0844 0 0 0 

Nonzero entries:
(0,0) (22.1809,1) (0,0) (0,1) (22.1809,2) (0,0) (0,1) (0,2) (0,3) (0,4) (22.1809,5) (-3.37418,1) (0,2) (21.9228,3) (0,1) (0,2) (0,3) (22.1809,4) (22.1809,0) 

Outer pointers:
0 2 5 11 14 18  $

0 0 0 0 0 22.1809 
22.1809 0 0 -3.37418 0 0 
0 22.1809 0 0 0 0 
0 0 0 21.9228 0 0 
0 0 0 0 22.1809 0 
0 0 22.1809 0 0 0 

Nonzero entries:
(0,0) (17.1457,1) (0,0) (0,1) (17.1457,2) (0,0) (0,1) (0,2) (0,3) (0,4) (17.1457,5) (-4.78176,1) (0,2) (16.4654,3) (0,1) (0,2) (0,3) (17.1457,4) (17.1457,0) 

Outer pointers:
0 2 5 11 14 18  $

0 0 0 0 0 17.1457 
17.1457 0 0 -4.78176 0 0 
0 17.1457 0 0 0 0 
0 0 0 16.4654 0 0 
0 0 0 0 17.1457 0 
0 0 17.1457 0 0 0 

Nonzero entries:
(0,0) (12.5661,1) (0,0) (0,1) (12.5661,2) (0,0) (0,1) (0,2) (0,3) (0,4) (12.5661,5) (-5.24629,1) (0,2) (11.4185,3) (0,1) (0,2) (0,3) (12.5661,4) (12.5661,0) 

Outer pointers:
0 2 5 11 14 18  $

0 0 0 0 0 12.5661 
12.5661 0 0 -5.24629 0 0 
0 12.5661 0 0 0 0 
0 0 0 11.4185 0 0 
0 0 0 0 12.5661 0 
0 0 12.5661 0 0 0 

Nonzero entries:
(0,0) (9.36138,1) (0,0) (0,1) (9.36138,2) (0,0) (0,1) (0,2) (0,3) (0,4) (9.36138,5) (-5.19771,1) (0,2) (7.78583,3) (0,1) (0,2) (0,3) (9.36138,4) (9.36138,0) 

Outer pointers:
0 2 5 11 14 18  $

0 0 0 0 0 9.36138 
9.36138 0 0 -5.19771 0 0 
0 9.36138 0 0 0 0 
0 0 0 7.78583 0 0 
0 0 0 0 9.36138 0 
0 0 9.36138 0 0 0 

Nonzero entries:
(0,0) (6.87551,1) (0,0) (0,1) (6.87551,2) (0,0) (0,1) (0,2) (0,3) (0,4) (6.87551,5) (-4.69755,1) (0,2) (5.02053,3) (0,1) (0,2) (0,3) (6.87551,4) (6.87551,0) 

Outer pointers:
0 2 5 11 14 18  $

0 0 0 0 0 6.87551 
6.87551 0 0 -4.69755 0 0 
0 6.87551 0 0 0 0 
0 0 0 5.02053 0 0 
0 0 0 0 6.87551 0 
0 0 6.87551 0 0 0 

Nonzero entries:
(0,0) (5.54039,1) (0,0) (0,1) (5.54039,2) (0,0) (0,1) (0,2) (0,3) (0,4) (5.54039,5) (-4.17123,1) (0,2) (3.64648,3) (0,1) (0,2) (0,3) (5.54039,4) (5.54039,0) 

Outer pointers:
0 2 5 11 14 18  $

0 0 0 0 0 5.54039 
5.54039 0 0 -4.17123 0 0 
0 5.54039 0 0 0 0 
0 0 0 3.64648 0 0 
0 0 0 0 5.54039 0 
0 0 5.54039 0 0 0 

Nonzero entries:
(0,0) (4.87198,1) (0,0) (0,1) (4.87198,2) (0,0) (0,1) (0,2) (0,3) (0,4) (4.87198,5) (-3.8955,1) (0,2) (2.92597,3) (0,1) (0,2) (0,3) (4.87198,4) (4.87198,0) 

Outer pointers:
0 2 5 11 14 18  $

0 0 0 0 0 4.87198 
4.87198 0 0 -3.8955 0 0 
0 4.87198 0 0 0 0 
0 0 0 2.92597 0 0 
0 0 0 0 4.87198 0 
0 0 4.87198 0 0 0 

a
Nonzero entries:
(0,0) (16.1758,3) (0,4) (0,5) (16.1758,1) (0,3) (0,4) (0,5) (0,2) (0,3) (16.1758,4) (-1.91208,5) (0,0) (14.9382,1) (0,2) (0,3) (0,0) (16.1758,1) (16.1758,2) (339.553,4) (0,0) (0,1) (0,2) (339.553,5) 

Outer pointers:
0 4 8 12 16 20  $

0 0 0 0 0 0 
0 16.1758 0 14.9382 16.1758 0 
0 0 0 0 16.1758 0 
16.1758 0 0 0 0 0 
0 0 16.1758 0 339.553 0 
0 0 -1.91208 0 0 339.553 
Nonzero entries:
(0,0) (6.18558,3) (0,4) (0,5) (6.18558,1) (0,3) (0,4) (0,5) (0,2) (0,3) (6.18558,4) (2.49631,5) (0,0) (6.42894,1) (0,2) (0,3) (0,0) (6.18558,1) (6.18558,2) (206.693,4) (0,0) (0,1) (0,2) (206.693,5) 

Outer pointers:
0 4 8 12 16 20  $

0 0 0 0 0 0 
0 6.18558 0 6.42894 6.18558 0 
0 0 0 0 6.18558 0 
6.18558 0 0 0 0 0 
0 0 6.18558 0 206.693 0 
0 0 2.49631 0 0 206.693 
Nonzero entries:
(0,0) (0.492274,3) (0,4) (0,5) (0.492274,1) (0,3) (0,4) (0,5) (0,2) (0,3) (0.492274,4) (2.12676,5) (0,0) (0.187386,1) (0,2) (0,3) (0,0) (0.492274,1) (0.492274,2) (50.7995,4) (0,0) (0,1) (0,2) (50.7995,5) 

Outer pointers:
0 4 8 12 16 20  $

0 0 0 0 0 0 
0 0.492274 0 0.187386 0.492274 0 
0 0 0 0 0.492274 0 
0.492274 0 0 0 0 0 
0 0 0.492274 0 50.7995 0 
0 0 2.12676 0 0 50.7995 
Nonzero entries:
(0,0) (-0.295788,3) (0,4) (0,5) (-0.295788,1) (0,3) (0,4) (0,5) (0,2) (0,3) (-0.295788,4) (1.10506,5) (0,0) (-0.635044,1) (0,2) (0,3) (0,0) (-0.295788,1) (-0.295788,2) (-7.77505,4) (0,0) (0,1) (0,2) (-7.77505,5) 

Outer pointers:
0 4 8 12 16 20  $

0 0 0 0 0 0 
0 -0.295788 0 -0.635044 -0.295788 0 
0 0 0 0 -0.295788 0 
-0.295788 0 0 0 0 0 
0 0 -0.295788 0 -7.77505 0 
0 0 1.10506 0 0 -7.77505 
Nonzero entries:
(0,0) (-0.368661,3) (0,4) (0,5) (-0.368661,1) (0,3) (0,4) (0,5) (0,2) (0,3) (-0.368661,4) (0.792917,5) (0,0) (-0.631992,1) (0,2) (0,3) (0,0) (-0.368661,1) (-0.368661,2) (-18.5519,4) (0,0) (0,1) (0,2) (-18.5519,5) 

Outer pointers:
0 4 8 12 16 20  $

0 0 0 0 0 0 
0 -0.368661 0 -0.631992 -0.368661 0 
0 0 0 0 -0.368661 0 
-0.368661 0 0 0 0 0 
0 0 -0.368661 0 -18.5519 0 
0 0 0.792917 0 0 -18.5519 
Nonzero entries:
(0,0) (-0.278225,3) (0,4) (0,5) (-0.278225,1) (0,3) (0,4) (0,5) (0,2) (0,3) (-0.278225,4) (0.554282,5) (0,0) (-0.526573,1) (0,2) (0,3) (0,0) (-0.278225,1) (-0.278225,2) (-16.5864,4) (0,0) (0,1) (0,2) (-16.5864,5) 

Outer pointers:
0 4 8 12 16 20  $

0 0 0 0 0 0 
0 -0.278225 0 -0.526573 -0.278225 0 
0 0 0 0 -0.278225 0 
-0.278225 0 0 0 0 0 
0 0 -0.278225 0 -16.5864 0 
0 0 0.554282 0 0 -16.5864 
Nonzero entries:
(0,0) (-0.237459,3) (0,4) (0,5) (-0.237459,1) (0,3) (0,4) (0,5) (0,2) (0,3) (-0.237459,4) (0.426344,5) (0,0) (-0.460682,1) (0,2) (0,3) (0,0) (-0.237459,1) (-0.237459,2) (-13.7783,4) (0,0) (0,1) (0,2) (-13.7783,5) 

Outer pointers:
0 4 8 12 16 20  $

0 0 0 0 0 0 
0 -0.237459 0 -0.460682 -0.237459 0 
0 0 0 0 -0.237459 0 
-0.237459 0 0 0 0 0 
0 0 -0.237459 0 -13.7783 0 
0 0 0.426344 0 0 -13.7783 
Nonzero entries:
(0,0) (-0.207999,3) (0,4) (0,5) (-0.207999,1) (0,3) (0,4) (0,5) (0,2) (0,3) (-0.207999,4) (0.349735,5) (0,0) (-0.407591,1) (0,2) (0,3) (0,0) (-0.207999,1) (-0.207999,2) (-11.8382,4) (0,0) (0,1) (0,2) (-11.8382,5) 

Outer pointers:
0 4 8 12 16 20  $

0 0 0 0 0 0 
0 -0.207999 0 -0.407591 -0.207999 0 
0 0 0 0 -0.207999 0 
-0.207999 0 0 0 0 0 
0 0 -0.207999 0 -11.8382 0 
0 0 0.349735 0 0 -11.8382 
Nonzero entries:
(0,0) (-0.193901,3) (0,4) (0,5) (-0.193901,1) (0,3) (0,4) (0,5) (0,2) (0,3) (-0.193901,4) (0.30688,5) (0,0) (-0.392877,1) (0,2) (0,3) (0,0) (-0.193901,1) (-0.193901,2) (-10.0649,4) (0,0) (0,1) (0,2) (-10.0649,5) 

Outer pointers:
0 4 8 12 16 20  $

0 0 0 0 0 0 
0 -0.193901 0 -0.392877 -0.193901 0 
0 0 0 0 -0.193901 0 
-0.193901 0 0 0 0 0 
0 0 -0.193901 0 -10.0649 0 
0 0 0.30688 0 0 -10.0649 
Nonzero entries:
(0,0) (-0.118833,3) (0,4) (0,5) (-0.118833,1) (0,3) (0,4) (0,5) (0,2) (0,3) (-0.118833,4) (0.278445,5) (0,0) (-0.303593,1) (0,2) (0,3) (0,0) (-0.118833,1) (-0.118833,2) (-8.36032,4) (0,0) (0,1) (0,2) (-8.36032,5) 

Outer pointers:
0 4 8 12 16 20  $

0 0 0 0 0 0 
0 -0.118833 0 -0.303593 -0.118833 0 
0 0 0 0 -0.118833 0 
-0.118833 0 0 0 0 0 
0 0 -0.118833 0 -8.36032 0 
0 0 0.278445 0 0 -8.36032 
Nonzero entries:
(0,0) (-0.193901,3) (0,4) (0,5) (-0.193901,1) (0,3) (0,4) (0,5) (0,2) (0,3) (-0.193901,4) (0.30688,5) (0,0) (-0.392877,1) (0,2) (0,3) (0,0) (-0.193901,1) (-0.193901,2) (-10.0649,4) (0,0) (0,1) (0,2) (-10.0649,5) 

Outer pointers:
0 4 8 12 16 20  $

0 0 0 0 0 0 
0 -0.193901 0 -0.392877 -0.193901 0 
0 0 0 0 -0.193901 0 
-0.193901 0 0 0 0 0 
0 0 -0.193901 0 -10.0649 0 
0 0 0.30688 0 0 -10.0649 
Nonzero entries:
(0,0) (-0.207999,3) (0,4) (0,5) (-0.207999,1) (0,3) (0,4) (0,5) (0,2) (0,3) (-0.207999,4) (0.349735,5) (0,0) (-0.407591,1) (0,2) (0,3) (0,0) (-0.207999,1) (-0.207999,2) (-11.8381,4) (0,0) (0,1) (0,2) (-11.8381,5) 

Outer pointers:
0 4 8 12 16 20  $

0 0 0 0 0 0 
0 -0.207999 0 -0.407591 -0.207999 0 
0 0 0 0 -0.207999 0 
-0.207999 0 0 0 0 0 
0 0 -0.207999 0 -11.8381 0 
0 0 0.349735 0 0 -11.8381 
Nonzero entries:
(0,0) (-0.237459,3) (0,4) (0,5) (-0.237459,1) (0,3) (0,4) (0,5) (0,2) (0,3) (-0.237459,4) (0.426344,5) (0,0) (-0.460682,1) (0,2) (0,3) (0,0) (-0.237459,1) (-0.237459,2) (-13.7783,4) (0,0) (0,1) (0,2) (-13.7783,5) 

Outer pointers:
0 4 8 12 16 20  $

0 0 0 0 0 0 
0 -0.237459 0 -0.460682 -0.237459 0 
0 0 0 0 -0.237459 0 
-0.237459 0 0 0 0 0 
0 0 -0.237459 0 -13.7783 0 
0 0 0.426344 0 0 -13.7783 
Nonzero entries:
(0,0) (-0.278225,3) (0,4) (0,5) (-0.278225,1) (0,3) (0,4) (0,5) (0,2) (0,3) (-0.278225,4) (0.554282,5) (0,0) (-0.526572,1) (0,2) (0,3) (0,0) (-0.278225,1) (-0.278225,2) (-16.5864,4) (0,0) (0,1) (0,2) (-16.5864,5) 

Outer pointers:
0 4 8 12 16 20  $

0 0 0 0 0 0 
0 -0.278225 0 -0.526572 -0.278225 0 
0 0 0 0 -0.278225 0 
-0.278225 0 0 0 0 0 
0 0 -0.278225 0 -16.5864 0 
0 0 0.554282 0 0 -16.5864 
Nonzero entries:
(0,0) (-0.36866,3) (0,4) (0,5) (-0.36866,1) (0,3) (0,4) (0,5) (0,2) (0,3) (-0.36866,4) (0.792917,5) (0,0) (-0.631992,1) (0,2) (0,3) (0,0) (-0.36866,1) (-0.36866,2) (-18.5519,4) (0,0) (0,1) (0,2) (-18.5519,5) 

Outer pointers:
0 4 8 12 16 20  $

0 0 0 0 0 0 
0 -0.36866 0 -0.631992 -0.36866 0 
0 0 0 0 -0.36866 0 
-0.36866 0 0 0 0 0 
0 0 -0.36866 0 -18.5519 0 
0 0 0.792917 0 0 -18.5519 
Nonzero entries:
(0,0) (-0.295788,3) (0,4) (0,5) (-0.295788,1) (0,3) (0,4) (0,5) (0,2) (0,3) (-0.295788,4) (1.10506,5) (0,0) (-0.635045,1) (0,2) (0,3) (0,0) (-0.295788,1) (-0.295788,2) (-7.77506,4) (0,0) (0,1) (0,2) (-7.77506,5) 

Outer pointers:
0 4 8 12 16 20  $

0 0 0 0 0 0 
0 -0.295788 0 -0.635045 -0.295788 0 
0 0 0 0 -0.295788 0 
-0.295788 0 0 0 0 0 
0 0 -0.295788 0 -7.77506 0 
0 0 1.10506 0 0 -7.77506 
Nonzero entries:
(0,0) (0.492274,3) (0,4) (0,5) (0.492274,1) (0,3) (0,4) (0,5) (0,2) (0,3) (0.492274,4) (2.12676,5) (0,0) (0.187386,1) (0,2) (0,3) (0,0) (0.492274,1) (0.492274,2) (50.7995,4) (0,0) (0,1) (0,2) (50.7995,5) 

Outer pointers:
0 4 8 12 16 20  $

0 0 0 0 0 0 
0 0.492274 0 0.187386 0.492274 0 
0 0 0 0 0.492274 0 
0.492274 0 0 0 0 0 
0 0 0.492274 0 50.7995 0 
0 0 2.12676 0 0 50.7995 
Nonzero entries:
(0,0) (6.18558,3) (0,4) (0,5) (6.18558,1) (0,3) (0,4) (0,5) (0,2) (0,3) (6.18558,4) (2.49631,5) (0,0) (6.42894,1) (0,2) (0,3) (0,0) (6.18558,1) (6.18558,2) (206.692,4) (0,0) (0,1) (0,2) (206.692,5) 

Outer pointers:
0 4 8 12 16 20  $

0 0 0 0 0 0 
0 6.18558 0 6.42894 6.18558 0 
0 0 0 0 6.18558 0 
6.18558 0 0 0 0 0 
0 0 6.18558 0 206.692 0 
0 0 2.49631 0 0 206.692 
mem
Nonzero entries:
(339.553,0) (-8.82024e-06,3) (-0,4) (-0,5) (339.553,1) (-0,3) (-0,4) (-0,5) (339.553,2) (-0,3) (-0,4) (-0,5) (-8.82024e-06,0) (0,1) (0,2) (339.553,3) (0,0) (-0,1) (-0,2) (339.553,4) (0,0) (-0,1) (-0,2) (339.553,5) 

Outer pointers:
0 4 8 12 16 20  $

339.553 0 0 -8.82024e-06 0 0 
0 339.553 0 0 -0 -0 
0 0 339.553 0 -0 -0 
-8.82024e-06 -0 -0 339.553 0 0 
-0 -0 -0 0 339.553 0 
-0 -0 -0 0 0 339.553 

Nonzero entries:
(339.553,0) (0,1) (0,2) (0,3) (0,4) (0,5) (0,0) (339.553,1) (0,2) (323.066,3) (339.553,4) (0,5) (0,0) (0,1) (369.907,2) (0,3) (8143.44,4) (505.238,5) (0,0) (323.066,1) (0,2) (309.199,3) (323.066,4) (0,5) (0,0) (339.553,1) (8143.44,2) (323.066,3) (208872,4) (0,5) (0,0) (0,1) (505.238,2) (0,3) (0,4) (208193,5) 

Outer pointers:
0 6 12 18 24 30  $

339.553 0 0 0 0 0 
0 339.553 0 323.066 339.553 0 
0 0 369.907 0 8143.44 505.238 
0 323.066 0 309.199 323.066 0 
0 339.553 8143.44 323.066 208872 0 
0 0 505.238 0 0 208193 


Nonzero entries:
(206.693,0) (41.1406,3) (0,4) (0,5) (206.693,1) (0,3) (0,4) (0,5) (206.693,2) (0,3) (0,4) (0,5) (41.1406,0) (-0,1) (-0,2) (206.693,3) (-0,0) (0,1) (0,2) (206.693,4) (-0,0) (0,1) (0,2) (206.693,5) 

Outer pointers:
0 4 8 12 16 20  $

206.693 0 0 41.1406 -0 -0 
0 206.693 0 -0 0 0 
0 0 206.693 -0 0 0 
41.1406 0 0 206.693 0 0 
0 0 0 0 206.693 0 
0 0 0 0 0 206.693 

Nonzero entries:
(206.693,0) (0,1) (0,2) (0,3) (0,4) (0,5) (0,0) (206.693,1) (0,2) (201.853,3) (206.693,4) (0,5) (0,0) (0,1) (216.253,2) (0,3) (5881.15,4) (971.22,5) (0,0) (201.853,1) (0,2) (197.132,3) (201.853,4) (0,5) (0,0) (206.693,1) (5881.15,2) (201.853,3) (163083,4) (0,5) (0,0) (0,1) (971.22,2) (0,3) (0,4) (162670,5) 

Outer pointers:
0 6 12 18 24 30  $

206.693 0 0 0 0 0 
0 206.693 0 201.853 206.693 0 
0 0 216.253 0 5881.15 971.22 
0 201.853 0 197.132 201.853 0 
0 206.693 5881.15 201.853 163083 0 
0 0 971.22 0 0 162670 


Nonzero entries:
(50.7995,0) (53.2612,3) (0,4) (0,5) (50.7995,1) (0,3) (0,4) (0,5) (50.7995,2) (0,3) (0,4) (0,5) (53.2612,0) (-0,1) (-0,2) (50.7995,3) (-0,0) (0,1) (0,2) (50.7995,4) (-0,0) (0,1) (0,2) (50.7995,5) 

Outer pointers:
0 4 8 12 16 20  $

50.7995 0 0 53.2612 -0 -0 
0 50.7995 0 -0 0 0 
0 0 50.7995 -0 0 0 
53.2612 0 0 50.7995 0 0 
0 0 0 0 50.7995 0 
0 0 0 0 0 50.7995 

Nonzero entries:
(50.7995,0) (0,1) (0,2) (0,3) (0,4) (0,5) (0,0) (50.7995,1) (0,2) (45.1872,3) (50.7995,4) (0,5) (0,0) (0,1) (60.6273,2) (0,3) (2163.75,4) (1279.14,5) (0,0) (45.1872,1) (0,2) (40.9717,3) (45.1872,4) (0,5) (0,0) (50.7995,1) (2163.75,2) (45.1872,3) (73961.1,4) (0,5) (0,0) (0,1) (1279.14,2) (0,3) (0,4) (73859.5,5) 

Outer pointers:
0 6 12 18 24 30  $

50.7995 0 0 0 0 0 
0 50.7995 0 45.1872 50.7995 0 
0 0 60.6273 0 2163.75 1279.14 
0 45.1872 0 40.9717 45.1872 0 
0 50.7995 2163.75 45.1872 73961.1 0 
0 0 1279.14 0 0 73859.5 


Nonzero entries:
(-7.77505,0) (35.3667,3) (0,4) (0,5) (-7.77505,1) (0,3) (0,4) (0,5) (-7.77505,2) (0,3) (0,4) (0,5) (35.3667,0) (-0,1) (-0,2) (-7.77505,3) (-0,0) (0,1) (0,2) (-7.77505,4) (-0,0) (0,1) (0,2) (-7.77505,5) 

Outer pointers:
0 4 8 12 16 20  $

-7.77505 0 0 35.3667 -0 -0 
0 -7.77505 0 -0 0 0 
0 0 -7.77505 -0 0 0 
35.3667 0 0 -7.77505 0 0 
0 0 0 0 -7.77505 0 
0 0 0 0 0 -7.77505 

Nonzero entries:
(-7.77506,0) (0,1) (0,2) (0,3) (0,4) (0,5) (0,0) (-7.77506,1) (0,2) (-15.8899,3) (-7.77506,4) (0,5) (0,0) (0,1) (7.22269,2) (0,3) (4.6906,4) (1007.31,5) (0,0) (-15.8899,1) (0,2) (-22.7728,3) (-15.8899,4) (0,5) (0,0) (-7.77506,1) (4.69034,2) (-15.8899,3) (7805.93,4) (0,5) (0,0) (0,1) (1007.31,2) (0,3) (0,4) (7821.48,5) 

Outer pointers:
0 6 12 18 24 30  $

-7.77506 0 0 0 0 0 
0 -7.77506 0 -15.8899 -7.77506 0 
0 0 7.22269 0 4.69034 1007.31 
0 -15.8899 0 -22.7728 -15.8899 0 
0 -7.77506 4.6906 -15.8899 7805.93 0 
0 0 1007.31 0 0 7821.48 


Nonzero entries:
(-18.5519,0) (22.142,3) (0,4) (0,5) (-18.5519,1) (0,3) (0,4) (0,5) (-18.5519,2) (0,3) (0,4) (0,5) (22.142,0) (-0,1) (-0,2) (-18.5519,3) (-0,0) (0,1) (0,2) (-18.5519,4) (-0,0) (0,1) (0,2) (-18.5519,5) 

Outer pointers:
0 4 8 12 16 20  $

-18.5519 0 0 22.142 -0 -0 
0 -18.5519 0 -0 0 0 
0 0 -18.5519 -0 0 0 
22.142 0 0 -18.5519 0 0 
0 0 0 0 -18.5519 0 
0 0 0 0 0 -18.5519 

Nonzero entries:
(-18.5519,0) (0,1) (0,2) (0,3) (0,4) (0,5) (0,0) (-18.5519,1) (0,2) (-25.8502,3) (-18.5519,4) (0,5) (0,0) (0,1) (-5.01082,2) (0,3) (-664.195,4) (635.876,5) (0,0) (-25.8502,1) (0,2) (-32.093,3) (-25.8502,4) (0,5) (0,0) (-18.5519,1) (-664.195,2) (-25.8502,3) (-20273.4,4) (0,5) (0,0) (0,1) (635.876,2) (0,3) (0,4) (-20236.3,5) 

Outer pointers:
0 6 12 18 24 30  $

-18.5519 0 0 0 0 0 
0 -18.5519 0 -25.8502 -18.5519 0 
0 0 -5.01082 0 -664.195 635.876 
0 -25.8502 0 -32.093 -25.8502 0 
0 -18.5519 -664.195 -25.8502 -20273.4 0 
0 0 635.876 0 0 -20236.3 


Nonzero entries:
(-16.5864,0) (14.3049,3) (0,4) (0,5) (-16.5864,1) (0,3) (0,4) (0,5) (-16.5864,2) (0,3) (0,4) (0,5) (14.3049,0) (-0,1) (-0,2) (-16.5864,3) (-0,0) (0,1) (0,2) (-16.5864,4) (-0,0) (0,1) (0,2) (-16.5864,5) 

Outer pointers:
0 4 8 12 16 20  $

-16.5864 0 0 14.3049 -0 -0 
0 -16.5864 0 -0 0 0 
0 0 -16.5864 -0 0 0 
14.3049 0 0 -16.5864 0 0 
0 0 0 0 -16.5864 0 
0 0 0 0 0 -16.5864 

Nonzero entries:
(-16.5864,0) (0,1) (0,2) (0,3) (0,4) (0,5) (0,0) (-16.5864,1) (0,2) (-23.1067,3) (-16.5864,4) (0,5) (0,0) (0,1) (-4.67252,2) (0,3) (-701.813,4) (377.581,5) (0,0) (-23.1067,1) (0,2) (-28.5003,3) (-23.1067,4) (0,5) (0,0) (-16.5864,1) (-701.813,2) (-23.1067,3) (-25527.8,4) (0,5) (0,0) (0,1) (377.581,2) (0,3) (0,4) (-25494.6,5) 

Outer pointers:
0 6 12 18 24 30  $

-16.5864 0 0 0 0 0 
0 -16.5864 0 -23.1067 -16.5864 0 
0 0 -4.67252 0 -701.813 377.581 
0 -23.1067 0 -28.5003 -23.1067 0 
0 -16.5864 -701.813 -23.1067 -25527.8 0 
0 0 377.581 0 0 -25494.6 


Nonzero entries:
(-13.7783,0) (9.95229,3) (0,4) (0,5) (-13.7783,1) (0,3) (0,4) (0,5) (-13.7783,2) (0,3) (0,4) (0,5) (9.95229,0) (-0,1) (-0,2) (-13.7783,3) (-0,0) (0,1) (0,2) (-13.7783,4) (-0,0) (0,1) (0,2) (-13.7783,5) 

Outer pointers:
0 4 8 12 16 20  $

-13.7783 0 0 9.95229 -0 -0 
0 -13.7783 0 -0 0 0 
0 0 -13.7783 -0 0 0 
9.95229 0 0 -13.7783 0 0 
0 0 0 0 -13.7783 0 
0 0 0 0 0 -13.7783 

Nonzero entries:
(-13.7783,0) (0,1) (0,2) (0,3) (0,4) (0,5) (0,0) (-13.7783,1) (0,2) (-19.5605,3) (-13.7783,4) (0,5) (0,0) (0,1) (-3.32457,2) (0,3) (-599.471,4) (230.11,5) (0,0) (-19.5605,1) (0,2) (-24.232,3) (-19.5605,4) (0,5) (0,0) (-13.7783,1) (-599.471,2) (-19.5605,3) (-22895.8,4) (0,5) (0,0) (0,1) (230.11,2) (0,3) (0,4) (-22868.2,5) 

Outer pointers:
0 6 12 18 24 30  $

-13.7783 0 0 0 0 0 
0 -13.7783 0 -19.5605 -13.7783 0 
0 0 -3.32457 0 -599.471 230.11 
0 -19.5605 0 -24.232 -19.5605 0 
0 -13.7783 -599.471 -19.5605 -22895.8 0 
0 0 230.11 0 0 -22868.2 


Nonzero entries:
(-11.8382,0) (7.58796,3) (0,4) (0,5) (-11.8382,1) (0,3) (0,4) (0,5) (-11.8382,2) (0,3) (0,4) (0,5) (7.58796,0) (-0,1) (-0,2) (-11.8382,3) (-0,0) (0,1) (0,2) (-11.8382,4) (-0,0) (0,1) (0,2) (-11.8382,5) 

Outer pointers:
0 4 8 12 16 20  $

-11.8382 0 0 7.58796 -0 -0 
0 -11.8382 0 -0 0 0 
0 0 -11.8382 -0 0 0 
7.58796 0 0 -11.8382 0 0 
0 0 0 0 -11.8382 0 
0 0 0 0 0 -11.8382 

Nonzero entries:
(-11.8381,0) (0,1) (0,2) (0,3) (0,4) (0,5) (0,0) (-11.8381,1) (0,2) (-17.0409,3) (-11.8381,4) (0,5) (0,0) (0,1) (-2.5149,2) (0,3) (-502.378,4) (151.909,5) (0,0) (-17.0409,1) (0,2) (-21.1614,3) (-17.0409,4) (0,5) (0,0) (-11.8381,1) (-502.378,2) (-17.0409,3) (-19112.7,4) (0,5) (0,0) (0,1) (151.909,2) (0,3) (0,4) (-19089.1,5) 

Outer pointers:
0 6 12 18 24 30  $

-11.8381 0 0 0 0 0 
0 -11.8381 0 -17.0409 -11.8381 0 
0 0 -2.5149 0 -502.378 151.909 
0 -17.0409 0 -21.1614 -17.0409 0 
0 -11.8381 -502.378 -17.0409 -19112.7 0 
0 0 151.909 0 0 -19089.1 


Nonzero entries:
(-10.065,0) (6.25141,3) (0,4) (0,5) (-10.065,1) (0,3) (0,4) (0,5) (-10.065,2) (0,3) (0,4) (0,5) (6.25141,0) (-0,1) (-0,2) (-10.065,3) (-0,0) (0,1) (0,2) (-10.065,4) (-0,0) (0,1) (0,2) (-10.065,5) 

Outer pointers:
0 4 8 12 16 20  $

-10.065 0 0 6.25141 -0 -0 
0 -10.065 0 -0 0 0 
0 0 -10.065 -0 0 0 
6.25141 0 0 -10.065 0 0 
0 0 0 0 -10.065 0 
0 0 0 0 0 -10.065 

Nonzero entries:
(-10.0649,0) (0,1) (0,2) (0,3) (0,4) (0,5) (0,0) (-10.0649,1) (0,2) (-14.9684,3) (-10.0649,4) (0,5) (0,0) (0,1) (-1.3734,2) (0,3) (-421.664,4) (108.226,5) (0,0) (-14.9684,1) (0,2) (-18.7565,3) (-14.9684,4) (0,5) (0,0) (-10.0649,1) (-421.664,2) (-14.9684,3) (-16055,4) (0,5) (0,0) (0,1) (108.226,2) (0,3) (0,4) (-16034.8,5) 

Outer pointers:
0 6 12 18 24 30  $

-10.0649 0 0 0 0 0 
0 -10.0649 0 -14.9684 -10.0649 0 
0 0 -1.3734 0 -421.664 108.226 
0 -14.9684 0 -18.7565 -14.9684 0 
0 -10.0649 -421.664 -14.9684 -16055 0 
0 0 108.226 0 0 -16034.8 


Nonzero entries:
(-8.36035,0) (5.39235,3) (0,4) (0,5) (-8.36035,1) (0,3) (0,4) (0,5) (-8.36035,2) (0,3) (0,4) (0,5) (5.39235,0) (-0,1) (-0,2) (-8.36035,3) (-0,0) (0,1) (0,2) (-8.36035,4) (-0,0) (0,1) (0,2) (-8.36035,5) 

Outer pointers:
0 4 8 12 16 20  $

-8.36035 0 0 5.39235 -0 -0 
0 -8.36035 0 -0 0 0 
0 0 -8.36035 -0 0 0 
5.39235 0 0 -8.36035 0 0 
0 0 0 0 -8.36035 0 
0 0 0 0 0 -8.36035 

Nonzero entries:
(-8.36032,0) (0,1) (0,2) (0,3) (0,4) (0,5) (0,0) (-8.36032,1) (0,2) (-13.2047,3) (-8.36032,4) (0,5) (0,0) (0,1) (0.256882,2) (0,3) (-378.647,4) (88.37,5) (0,0) (-13.2047,1) (0,2) (-16.9775,3) (-13.2047,4) (0,5) (0,0) (-8.36032,1) (-378.647,2) (-13.2047,3) (-14761.8,4) (0,5) (0,0) (0,1) (88.37,2) (0,3) (0,4) (-14745.1,5) 

Outer pointers:
0 6 12 18 24 30  $

-8.36032 0 0 0 0 0 
0 -8.36032 0 -13.2047 -8.36032 0 
0 0 0.256882 0 -378.647 88.37 
0 -13.2047 0 -16.9775 -13.2047 0 
0 -8.36032 -378.647 -13.2047 -14761.8 0 
0 0 88.37 0 0 -14745.1 