A_FT
688.987       0       0 385.406       0       0
      0 688.987       0       0       0       0
      0       0 688.987       0       0       0
385.406       0       0 688.987       0       0
      0       0       0       0 688.987       0
      0       0       0       0       0 688.987
856.571       0       0 158.289       0       0
      0 856.571       0       0       0       0
      0       0 856.571       0       0       0
158.289       0       0 856.571       0       0
      0       0       0       0 856.571       0
      0       0       0       0       0 856.571
733.566       0       0 -14.683       0       0
      0 733.566       0       0       0       0
      0       0 733.566       0       0       0
-14.683       0       0 733.566       0       0
      0       0       0       0 733.566       0
      0       0       0       0       0 733.566
 491.992        0        0 -74.8424        0        0
       0  491.992        0        0        0        0
       0        0  491.992        0        0        0
-74.8424        0        0  491.992        0        0
       0        0        0        0  491.992        0
       0        0        0        0        0  491.992
 293.976        0        0 -81.9867        0        0
       0  293.976        0        0        0        0
       0        0  293.976        0        0        0
-81.9867        0        0  293.976        0        0
       0        0        0        0  293.976        0
       0        0        0        0        0  293.976
 157.906        0        0 -65.9253        0        0
       0  157.906        0        0        0        0
       0        0  157.906        0        0        0
-65.9253        0        0  157.906        0        0
       0        0        0        0  157.906        0
       0        0        0        0        0  157.906
 87.6353        0        0 -48.6577        0        0
       0  87.6353        0        0        0        0
       0        0  87.6353        0        0        0
-48.6577        0        0  87.6353        0        0
       0        0        0        0  87.6353        0
       0        0        0        0        0  87.6353
47.2726       0       0 -32.298       0       0
      0 47.2726       0       0       0       0
      0       0 47.2726       0       0       0
-32.298       0       0 47.2726       0       0
      0       0       0       0 47.2726       0
      0       0       0       0       0 47.2726
 30.6959        0        0 -23.1102        0        0
       0  30.6959        0        0        0        0
       0        0  30.6959        0        0        0
-23.1102        0        0  30.6959        0        0
       0        0        0        0  30.6959        0
       0        0        0        0        0  30.6959
 23.7362        0        0 -18.9788        0        0
       0  23.7362        0        0        0        0
       0        0  23.7362        0        0        0
-18.9788        0        0  23.7362        0        0
       0        0        0        0  23.7362        0
       0        0        0        0        0  23.7362
a_FT
26.2486       0       0 14.6829       0       0
      0 26.2486       0       0       0       0
      0       0 26.2486       0       0       0
      0       0       0 21.7577       0       0
      0       0       0       0 26.2486       0
      0       0       0       0       0 26.2486
29.2672       0       0 5.40842       0       0
      0 29.2672       0       0       0       0
      0       0 29.2672       0       0       0
      0       0       0 28.7632       0       0
      0       0       0       0 29.2672       0
      0       0       0       0       0 29.2672
  27.0844         0         0 -0.542121         0         0
        0   27.0844         0         0         0         0
        0         0   27.0844         0         0         0
        0         0         0    27.079         0         0
        0         0         0         0   27.0844         0
        0         0         0         0         0   27.0844
 22.1809        0        0 -3.37418        0        0
       0  22.1809        0        0        0        0
       0        0  22.1809        0        0        0
       0        0        0  21.9228        0        0
       0        0        0        0  22.1809        0
       0        0        0        0        0  22.1809
 17.1457        0        0 -4.78176        0        0
       0  17.1457        0        0        0        0
       0        0  17.1457        0        0        0
       0        0        0  16.4654        0        0
       0        0        0        0  17.1457        0
       0        0        0        0        0  17.1457
 12.5661        0        0 -5.24629        0        0
       0  12.5661        0        0        0        0
       0        0  12.5661        0        0        0
       0        0        0  11.4185        0        0
       0        0        0        0  12.5661        0
       0        0        0        0        0  12.5661
 9.36138        0        0 -5.19771        0        0
       0  9.36138        0        0        0        0
       0        0  9.36138        0        0        0
       0        0        0  7.78583        0        0
       0        0        0        0  9.36138        0
       0        0        0        0        0  9.36138
 6.87551        0        0 -4.69755        0        0
       0  6.87551        0        0        0        0
       0        0  6.87551        0        0        0
       0        0        0  5.02053        0        0
       0        0        0        0  6.87551        0
       0        0        0        0        0  6.87551
 5.54039        0        0 -4.17123        0        0
       0  5.54039        0        0        0        0
       0        0  5.54039        0        0        0
       0        0        0  3.64648        0        0
       0        0        0        0  5.54039        0
       0        0        0        0        0  5.54039
4.87198       0       0 -3.8955       0       0
      0 4.87198       0       0       0       0
      0       0 4.87198       0       0       0
      0       0       0 2.92597       0       0
      0       0       0       0 4.87198       0
      0       0       0       0       0 4.87198
a
-0.118833         0         0  0.278445         0         0
        0 -0.118833         0         0         0         0
        0         0 -0.118833         0         0         0
        0         0         0 -0.303593         0         0
        0         0         0         0 -0.118833         0
        0         0         0         0         0 -0.118833
-0.193901         0         0   0.30688         0         0
        0 -0.193901         0         0         0         0
        0         0 -0.193901         0         0         0
        0         0         0 -0.392877         0         0
        0         0         0         0 -0.193901         0
        0         0         0         0         0 -0.193901
-0.207999         0         0  0.349735         0         0
        0 -0.207999         0         0         0         0
        0         0 -0.207999         0         0         0
        0         0         0 -0.407591         0         0
        0         0         0         0 -0.207999         0
        0         0         0         0         0 -0.207999
-0.237459         0         0  0.426344         0         0
        0 -0.237459         0         0         0         0
        0         0 -0.237459         0         0         0
        0         0         0 -0.460682         0         0
        0         0         0         0 -0.237459         0
        0         0         0         0         0 -0.237459
-0.278225         0         0  0.554282         0         0
        0 -0.278225         0         0         0         0
        0         0 -0.278225         0         0         0
        0         0         0 -0.526572         0         0
        0         0         0         0 -0.278225         0
        0         0         0         0         0 -0.278225
 -0.36866         0         0  0.792917         0         0
        0  -0.36866         0         0         0         0
        0         0  -0.36866         0         0         0
        0         0         0 -0.631992         0         0
        0         0         0         0  -0.36866         0
        0         0         0         0         0  -0.36866
-0.295788         0         0   1.10506         0         0
        0 -0.295788         0         0         0         0
        0         0 -0.295788         0         0         0
        0         0         0 -0.635045         0         0
        0         0         0         0 -0.295788         0
        0         0         0         0         0 -0.295788
0.492274        0        0  2.12676        0        0
       0 0.492274        0        0        0        0
       0        0 0.492274        0        0        0
       0        0        0 0.187386        0        0
       0        0        0        0 0.492274        0
       0        0        0        0        0 0.492274
6.18558       0       0 2.49631       0       0
      0 6.18558       0       0       0       0
      0       0 6.18558       0       0       0
      0       0       0 6.42894       0       0
      0       0       0       0 6.18558       0
      0       0       0       0       0 6.18558
 16.1758        0        0 -1.91208        0        0
       0  16.1758        0        0        0        0
       0        0  16.1758        0        0        0
       0        0        0  14.9382        0        0
       0        0        0        0  16.1758        0
       0        0        0        0        0  16.1758
6.18558       0       0 2.49631       0       0
      0 6.18558       0       0       0       0
      0       0 6.18558       0       0       0
      0       0       0 6.42894       0       0
      0       0       0       0 6.18558       0
      0       0       0       0       0 6.18558
0.492274        0        0  2.12676        0        0
       0 0.492274        0        0        0        0
       0        0 0.492274        0        0        0
       0        0        0 0.187386        0        0
       0        0        0        0 0.492274        0
       0        0        0        0        0 0.492274
-0.295788         0         0   1.10506         0         0
        0 -0.295788         0         0         0         0
        0         0 -0.295788         0         0         0
        0         0         0 -0.635044         0         0
        0         0         0         0 -0.295788         0
        0         0         0         0         0 -0.295788
-0.368661         0         0  0.792917         0         0
        0 -0.368661         0         0         0         0
        0         0 -0.368661         0         0         0
        0         0         0 -0.631992         0         0
        0         0         0         0 -0.368661         0
        0         0         0         0         0 -0.368661
-0.278225         0         0  0.554282         0         0
        0 -0.278225         0         0         0         0
        0         0 -0.278225         0         0         0
        0         0         0 -0.526573         0         0
        0         0         0         0 -0.278225         0
        0         0         0         0         0 -0.278225
-0.237459         0         0  0.426344         0         0
        0 -0.237459         0         0         0         0
        0         0 -0.237459         0         0         0
        0         0         0 -0.460682         0         0
        0         0         0         0 -0.237459         0
        0         0         0         0         0 -0.237459
-0.207999         0         0  0.349735         0         0
        0 -0.207999         0         0         0         0
        0         0 -0.207999         0         0         0
        0         0         0 -0.407591         0         0
        0         0         0         0 -0.207999         0
        0         0         0         0         0 -0.207999
-0.193901         0         0   0.30688         0         0
        0 -0.193901         0         0         0         0
        0         0 -0.193901         0         0         0
        0         0         0 -0.392877         0         0
        0         0         0         0 -0.193901         0
        0         0         0         0         0 -0.193901